:as-my-gitfiti-image
[[4,4,4,4,1,1,1,1,1,1,1,1,4,4,4,4,4,4,4,4,4,4,4,4,1,1,1,1,1,1,1,1,4,4,4,4,4,4,4,4],
 [4,4,4,4,1,4,4,4,4,4,1,1,4,4,4,4,4,4,4,4,4,4,4,4,1,4,4,4,4,4,1,1,4,4,4,4,4,4,4,4],
 [4,4,4,4,1,4,3,2,1,4,1,1,4,4,4,4,4,4,4,4,4,4,4,4,1,4,3,2,1,4,1,1,4,4,4,4,4,4,4,4],
 [4,4,4,4,1,4,2,1,1,4,1,1,1,1,1,1,1,1,1,1,1,1,1,1,1,4,2,1,1,4,1,1,4,4,4,4,4,4,4,4],
 [4,4,4,4,1,4,4,4,4,4,1,1,4,4,4,4,4,4,4,4,4,4,4,4,1,4,4,4,4,4,1,1,4,4,4,4,4,4,4,4],
 [4,4,4,4,1,1,1,1,1,1,1,1,4,4,4,4,4,4,4,4,4,4,4,4,1,1,1,1,1,1,1,1,4,4,4,4,4,4,4,4],
 [4,4,4,4,1,1,1,1,1,1,1,1,4,4,4,4,4,4,4,4,4,4,4,4,1,1,1,1,1,1,1,1,4,4,4,4,4,4,4,4]]
4444111111114444444444441111111144444444
4444144444114444444444441444441144444444
4444143214114444444444441432141144444444
4444142114111111111111111421141144444444
4444144444114444444444441444441144444444
4444111111114444444444441111111144444444
4444111111114444444444441111111144444444
